channel_usage=0.0518125823
collsions=12047.0
num_channels=10
packets_sent=231107.5
percentage_collision=0.04382834362681155
