channel_usage=0.98164964
collsions=217480.0
num_channels=1
packets_sent=9983758.0
percentage_collision=0.021318981088373785
