channel_usage=0.14621735
collsions=3104604.0
num_channels=1
packets_sent=6998712.0
percentage_collision=0.3072856476032225
