channel_usage=0.016815539600000002
collsions=33296.8
num_channels=5
packets_sent=728721.6
percentage_collision=0.04324698933040122
