channel_usage=0.21521738
collsions=4500099.0
num_channels=1
packets_sent=10389765.0
percentage_collision=0.3022256616984547
