channel_usage=0.9941622
collsions=615333.0
num_channels=1
packets_sent=11618888.0
percentage_collision=0.05029605072525664
