channel_usage=0.022898745
collsions=59000.6
num_channels=5
packets_sent=954908.8
percentage_collision=0.05763662323085933
