channel_usage=0.896453908
collsions=1152854.4
num_channels=5
packets_sent=11526738.8
percentage_collision=0.09088508007196863
