channel_usage=0.495582
collsions=11331748.0
num_channels=1
packets_sent=22389131.0
percentage_collision=0.3360454512469856
