channel_usage=0.050101820899999996
collsions=1906.3
num_channels=10
packets_sent=235145.3
percentage_collision=0.002289640825582289
