channel_usage=0.8943207
collsions=19686210.0
num_channels=1
packets_sent=49907362.0
percentage_collision=0.28287397002700193
