channel_usage=0.124921256
collsions=65010.2
num_channels=5
packets_sent=660707.2
percentage_collision=0.08924914030210462
