channel_usage=0.014820253
collsions=442237.0
num_channels=1
packets_sent=488763.0
percentage_collision=0.47501288936627284
