channel_usage=0.16302612
collsions=5374105.0
num_channels=1
packets_sent=5679722.0
percentage_collision=0.4861759642158322
