channel_usage=0.017572889063333333
collsions=2572.9
num_channels=30
packets_sent=79423.66666666667
percentage_collision=0.02335088029927721
