channel_usage=0.8906506
collsions=49184377.0
num_channels=1
packets_sent=78039291.0
percentage_collision=0.630251458845263
