channel_usage=0.05666123
collsions=1838641.0
num_channels=1
packets_sent=1990212.0
percentage_collision=0.4802067355419495
