channel_usage=0.99434423
collsions=495979.0
num_channels=1
packets_sent=12554019.0
percentage_collision=0.03800605946453019
