channel_usage=0.066181764
collsions=43621.0
num_channels=1
packets_sent=237535.0
percentage_collision=0.1551487430465649
