channel_usage=0.008704971379999999
collsions=26173.0
num_channels=5
packets_sent=418022.2
percentage_collision=0.06008650382252576
