channel_usage=0.30449432
collsions=8822097.0
num_channels=1
packets_sent=10393803.0
percentage_collision=0.45910402323076205
