channel_usage=0.15537296
collsions=4668510.0
num_channels=1
packets_sent=4921510.0
percentage_collision=0.48680920373471587
