channel_usage=0.013898407056666668
collsions=81.33333333333333
num_channels=30
packets_sent=50059.333333333336
percentage_collision=0.001170118205889948
