channel_usage=0.8956209
collsions=19612750.0
num_channels=1
packets_sent=49361921.0
percentage_collision=0.2843471337471113
