channel_usage=0.041064015999999995
collsions=0.0
num_channels=30
packets_sent=189894.03333333333
percentage_collision=0.0
