channel_usage=0.9937781
collsions=110641.0
num_channels=1
packets_sent=17665311.0
percentage_collision=0.006224195474875269
