channel_usage=0.00571877126
collsions=6068.2
num_channels=5
packets_sent=204864.8
percentage_collision=0.030582557677880096
