channel_usage=0.10077346
collsions=2212874.0
num_channels=1
packets_sent=4754176.0
percentage_collision=0.31761993957270296
