channel_usage=0.99384123
collsions=88302.0
num_channels=1
packets_sent=14065662.0
percentage_collision=0.006238676317108055
