channel_usage=0.12349362280000001
collsions=711050.2
num_channels=5
packets_sent=5411907.8
percentage_collision=0.09570538867071814
