channel_usage=0.35190476400000004
collsions=4043986.0
num_channels=5
packets_sent=22593581.6
percentage_collision=0.1524878489059403
