channel_usage=0.3299307
collsions=10348892.0
num_channels=1
packets_sent=10529356.0
percentage_collision=0.9828608701234909
