channel_usage=0.183290506
collsions=115183.4
num_channels=5
packets_sent=674423.4
percentage_collision=0.14471354591566193
