channel_usage=0.008355391779999999
collsions=13483.2
num_channels=5
packets_sent=471405.0
percentage_collision=0.02973158736870732
