channel_usage=0.1598009
collsions=4942617.0
num_channels=1
packets_sent=4950522.0
percentage_collision=0.4996004806967738
