channel_usage=0.20809557
collsions=6099613.0
num_channels=1
packets_sent=7000335.0
percentage_collision=0.4656211612443042
