channel_usage=0.9192668700000001
collsions=796814.6
num_channels=5
packets_sent=14165410.4
percentage_collision=0.053188880261940796
