channel_usage=0.067661496
collsions=223857.0
num_channels=5
packets_sent=2805666.2
percentage_collision=0.07216516633066908
