channel_usage=0.6369411
collsions=31877871.0
num_channels=1
packets_sent=35106481.0
percentage_collision=0.47590026697578564
