channel_usage=0.32863754
collsions=11082323.0
num_channels=1
packets_sent=11345679.0
percentage_collision=0.4941288573097149
