channel_usage=0.0771738
collsions=2294750.0
num_channels=1
packets_sent=2505761.0
percentage_collision=0.9157896543205837
