channel_usage=0.10059831616666665
collsions=22078.866666666665
num_channels=30
packets_sent=472481.13333333336
percentage_collision=0.03563225508859775
