channel_usage=0.140019338
collsions=872626.8
num_channels=5
packets_sent=5350779.6
percentage_collision=0.13801973174041715
