channel_usage=0.15483129
collsions=4653658.0
num_channels=1
packets_sent=4921964.0
percentage_collision=0.945488020635665
