channel_usage=0.027040898200000003
collsions=51566.2
num_channels=5
packets_sent=1174223.4
percentage_collision=0.04312485234321601
