channel_usage=0.09525846306666666
collsions=25966.766666666666
num_channels=30
packets_sent=423295.2
percentage_collision=0.053603552276289074
