channel_usage=0.83292687
collsions=38203995.0
num_channels=1
packets_sent=72642973.0
percentage_collision=0.34465529990860916
