channel_usage=0.89549154
collsions=19569471.0
num_channels=1
packets_sent=49200817.0
percentage_collision=0.2845628769214984
