channel_usage=0.1033074844
collsions=31658.3
num_channels=10
packets_sent=428366.0
percentage_collision=0.06016064770488803
