channel_usage=0.76951253
collsions=1082612.0
num_channels=1
packets_sent=6331011.0
percentage_collision=0.14603008542516932
