channel_usage=0.0129001486
collsions=2002.4
num_channels=10
packets_sent=59982.8
percentage_collision=0.009196313522835531
