channel_usage=0.07239711083333332
collsions=4294.033333333334
num_channels=30
packets_sent=349254.2
percentage_collision=0.006767634918522291
