channel_usage=0.994855
collsions=169392.0
num_channels=1
packets_sent=13871388.0
percentage_collision=0.01206428702678911
