channel_usage=0.21649130449999998
collsions=34931.46666666667
num_channels=30
packets_sent=1012459.2666666667
percentage_collision=0.015631189209136195
