channel_usage=0.047953717
collsions=25309.0
num_channels=1
packets_sent=184458.0
percentage_collision=0.12065291490081853
