channel_usage=0.121961035
collsions=70361.0
num_channels=1
packets_sent=632054.0
percentage_collision=0.1001701273463693
