channel_usage=0.0822881162
collsions=28174.5
num_channels=10
packets_sent=340931.6
percentage_collision=0.07428816125067463
