channel_usage=0.0364764667
collsions=7045.8
num_channels=10
packets_sent=157428.2
percentage_collision=0.03558530142221704
