channel_usage=0.09597548460000001
collsions=21409.8
num_channels=5
packets_sent=4236944.0
percentage_collision=0.002111550059885342
