channel_usage=0.0322174322
collsions=7456.4
num_channels=5
packets_sent=139476.8
percentage_collision=0.021489794624381078
