channel_usage=0.001163054012
collsions=449.2
num_channels=5
packets_sent=60104.4
percentage_collision=0.007877222044124615
