channel_usage=0.66217023
collsions=12239083.0
num_channels=1
packets_sent=34269549.0
percentage_collision=0.26315723498381977
