channel_usage=0.95881706
collsions=74280.0
num_channels=1
packets_sent=20785012.0
percentage_collision=0.003561002933368975
