channel_usage=0.04661234400000001
collsions=4083.266666666667
num_channels=30
packets_sent=202430.33333333334
percentage_collision=0.009320478615417882
