channel_usage=0.37827125
collsions=440312.0
num_channels=1
packets_sent=1105698.0
percentage_collision=0.2848054022936462
