channel_usage=0.91497743
collsions=3050071.0
num_channels=1
packets_sent=335000940.0
percentage_collision=0.009022517018888608
