channel_usage=0.03339118
collsions=20124.0
num_channels=1
packets_sent=150194.0
percentage_collision=0.11815545039279465
