channel_usage=0.01187928998
collsions=1101.6
num_channels=5
packets_sent=406008.0
percentage_collision=0.0027857953519958255
