channel_usage=0.27494703
collsions=55403.8
num_channels=5
packets_sent=3324402.6
percentage_collision=0.009936846168084035
