channel_usage=0.47349712
collsions=13280808.0
num_channels=1
packets_sent=16780263.0
percentage_collision=0.4417942394667176
