channel_usage=0.83028275
collsions=42860657.0
num_channels=1
packets_sent=52013457.0
percentage_collision=0.4517634494062311
