channel_usage=0.00263686
collsions=79072.0
num_channels=1
packets_sent=87005.0
percentage_collision=0.47611650017762847
