channel_usage=0.039663844
collsions=392491.0
num_channels=1
packets_sent=1189492.0
percentage_collision=0.24810064330653364
