channel_usage=0.36709824599999996
collsions=2336525.2
num_channels=5
packets_sent=27757510.8
percentage_collision=0.07923105959534064
