channel_usage=0.077791914
collsions=2304900.0
num_channels=1
packets_sent=2527289.0
percentage_collision=0.4769887932777464
