channel_usage=0.03537185155000001
collsions=3018.4666666666667
num_channels=30
packets_sent=170573.3
percentage_collision=0.014746559588172904
