channel_usage=0.0259447816
collsions=71887.8
num_channels=5
packets_sent=1156658.4
percentage_collision=0.06469978051772342
