channel_usage=0.013514402200000001
collsions=36614.8
num_channels=5
packets_sent=625303.8
percentage_collision=0.05161637535341338
