channel_usage=0.0255418
collsions=551981.0
num_channels=1
packets_sent=1220127.0
percentage_collision=0.3114827087288134
