channel_usage=0.71521723
collsions=15746905.0
num_channels=1
packets_sent=31703544.0
percentage_collision=0.3318599788170603
