channel_usage=0.98838574
collsions=5449721.0
num_channels=1
packets_sent=191196691.0
percentage_collision=0.027713299950776624
