channel_usage=0.8952989
collsions=19642045.0
num_channels=1
packets_sent=49878437.0
percentage_collision=0.28253608771009386
