channel_usage=0.6504558
collsions=22426046.0
num_channels=1
packets_sent=22800849.0
percentage_collision=0.4958564146400057
