channel_usage=0.049566282999999996
collsions=0.0
num_channels=30
packets_sent=226948.83333333334
percentage_collision=0.0
