channel_usage=0.001082002881
collsions=3.433333333333333
num_channels=30
packets_sent=5302.966666666666
percentage_collision=0.00029028336677301757
