channel_usage=0.037669044
collsions=1117745.0
num_channels=1
packets_sent=1230311.0
percentage_collision=0.4760299583996293
