channel_usage=0.0303079746
collsions=84450.8
num_channels=5
packets_sent=1329976.8
percentage_collision=0.0541947211364312
