channel_usage=0.00244528658
collsions=149.2
num_channels=10
packets_sent=11639.4
percentage_collision=0.013188044032216833
