channel_usage=0.0627936662
collsions=255314.0
num_channels=5
packets_sent=2745330.6
percentage_collision=0.07372639293539224
