channel_usage=0.0379599
collsions=1153147.0
num_channels=1
packets_sent=1229490.0
percentage_collision=0.4839793052823405
