channel_usage=0.0751179111
collsions=13208.3
num_channels=10
packets_sent=350191.6
percentage_collision=0.025129856115930195
