channel_usage=0.004939828546666666
collsions=311.23333333333335
num_channels=30
packets_sent=22490.166666666668
percentage_collision=0.011750907631312524
