all_port_99.9th_utilization=1.0300942811183345
all_port_99th_utilization=0.9720251811833336
all_port_mean_utilization=0.17344785088235296
all_port_median_utilization=0.10766645833333333
all_port_num=34
all_port_std_utilization=0.20412335257704256
all_port_unique_sources=18
all_port_unique_targets=18
non_server_port_99.9th_utilization=1.0363508844783333
non_server_port_99th_utilization=1.0345912147833334
non_server_port_mean_utilization=0.9387869758333334
non_server_port_median_utilization=0.9387869758333334
non_server_port_num=2
non_server_port_std_utilization=0.0977594275
non_server_ports_zero_num=0
server_port_99.9th_utilization=0.3335343309000002
server_port_99th_utilization=0.323373774
server_port_mean_utilization=0.12561415557291666
server_port_median_utilization=0.10646908999999999
server_port_num=32
server_port_std_utilization=0.06910949273924032
server_port_zero_num=0
