channel_usage=0.04851053000000001
collsions=7456.333333333333
num_channels=30
packets_sent=210543.0
percentage_collision=0.03360984502845603
