channel_usage=0.163492726
collsions=49512.2
num_channels=10
packets_sent=736116.4
percentage_collision=0.013994326331050785
