channel_usage=0.913016101
collsions=672664.4
num_channels=10
packets_sent=11469288.8
percentage_collision=0.0554119286647628
