channel_usage=0.1645319597333334
collsions=63873.333333333336
num_channels=30
packets_sent=669224.4333333333
percentage_collision=0.08054670400459236
