channel_usage=0.0728243034
collsions=257253.8
num_channels=5
packets_sent=2983848.8
percentage_collision=0.07880336372000062
