channel_usage=0.14054585
collsions=82851.0
num_channels=1
packets_sent=591003.0
percentage_collision=0.12295096563944119
