channel_usage=0.06346615226666666
collsions=14102.333333333334
num_channels=30
packets_sent=275690.6
percentage_collision=0.03718844524052477
