channel_usage=0.01086967832
collsions=7322.0
num_channels=5
packets_sent=453604.8
percentage_collision=0.015450475865700655
