channel_usage=0.0166592296
collsions=1465.2
num_channels=5
packets_sent=80694.4
percentage_collision=0.017784811276884138
