channel_usage=0.01052990328
collsions=719.8
num_channels=5
packets_sent=474233.0
percentage_collision=0.0025696404014987476
