channel_usage=0.33846780649999997
collsions=147578.2
num_channels=10
packets_sent=1509004.6
percentage_collision=0.0626405843589395
