channel_usage=0.8905307
collsions=49376051.0
num_channels=1
packets_sent=71718620.0
percentage_collision=0.688469061451545
