channel_usage=0.010689699356666667
collsions=876.5
num_channels=30
packets_sent=50456.7
percentage_collision=0.01614748607884784
