channel_usage=0.03170938138
collsions=3244.266666666667
num_channels=30
packets_sent=143584.13333333333
percentage_collision=0.01735674395448258
