channel_usage=0.89565414
collsions=19581078.0
num_channels=1
packets_sent=49001365.0
percentage_collision=0.2855115266162216
