channel_usage=0.032356385
collsions=1046280.0
num_channels=1
packets_sent=1138005.0
percentage_collision=0.47900342675063007
