channel_usage=0.020257672866666666
collsions=0.0
num_channels=30
packets_sent=92491.83333333333
percentage_collision=0.0
