channel_usage=0.014818749339999998
collsions=669.8
num_channels=10
packets_sent=69968.3
percentage_collision=0.00535943842839268
