channel_usage=0.0778719438
collsions=347796.2
num_channels=5
packets_sent=3134735.2
percentage_collision=0.0978402783350191
