channel_usage=0.18590681
collsions=4087250.0
num_channels=1
packets_sent=8719965.0
percentage_collision=0.31913651797053455
