channel_usage=0.0400408029
collsions=11480.9
num_channels=10
packets_sent=167020.8
percentage_collision=0.05755265879125693
