channel_usage=0.11741845980000001
collsions=71686.6
num_channels=5
packets_sent=443895.2
percentage_collision=0.13623731013907642
