channel_usage=0.12973957399999997
collsions=82773.6
num_channels=5
packets_sent=484452.4
percentage_collision=0.14082434128930882
