channel_usage=0.15621875540000002
collsions=69320.5
num_channels=10
packets_sent=621950.7
percentage_collision=0.09576575875307755
