channel_usage=0.08522593659999998
collsions=15775.566666666668
num_channels=30
packets_sent=403267.4666666667
percentage_collision=0.030484141933764978
