channel_usage=0.756033461
collsions=604047.2
num_channels=10
packets_sent=8298021.0
percentage_collision=0.0685401604102143
