channel_usage=0.028382661200000003
collsions=1899.6
num_channels=5
packets_sent=1290430.0
percentage_collision=0.0005922461768694757
