channel_usage=0.08090242
collsions=2636389.0
num_channels=1
packets_sent=2838201.0
percentage_collision=0.9288943947239818
