channel_usage=0.080967695
collsions=2638010.0
num_channels=1
packets_sent=2838201.0
percentage_collision=0.48172175980801324
