channel_usage=0.0303648546
collsions=47056.0
num_channels=5
packets_sent=1475293.0
percentage_collision=0.03088628989013354
