channel_usage=0.32231782
collsions=241069.1
num_channels=10
packets_sent=1142616.4
percentage_collision=0.1604205754413937
