channel_usage=0.18704965733333337
collsions=124815.6
num_channels=30
packets_sent=1028872.1666666666
percentage_collision=0.09533050494281595
