channel_usage=0.8895668
collsions=47489102.0
num_channels=1
packets_sent=63932038.0
percentage_collision=0.7428060090935941
