channel_usage=0.13642810940000002
collsions=62166.1
num_channels=10
packets_sent=531545.8
percentage_collision=0.1008081292921845
