channel_usage=0.19629349199999999
collsions=693951.4
num_channels=5
packets_sent=8987717.8
percentage_collision=0.06213661916342309
