channel_usage=0.279135644
collsions=176723.9
num_channels=30
packets_sent=1187516.8666666667
percentage_collision=0.11323755953677614
