channel_usage=0.08036723
collsions=36340.0
num_channels=1
packets_sent=281122.0
percentage_collision=0.11447039330691547
