channel_usage=0.22890624
collsions=201577.0
num_channels=1
packets_sent=766056.0
percentage_collision=0.2083196831856706
