channel_usage=0.196516078
collsions=419280.2
num_channels=5
packets_sent=9617915.6
percentage_collision=0.04179572811282934
