channel_usage=0.086534983
collsions=236810.6
num_channels=5
packets_sent=3977133.8
percentage_collision=0.04043661067677342
