channel_usage=0.022280445
collsions=8764.0
num_channels=1
packets_sent=74754.0
percentage_collision=0.10493546301396106
