channel_usage=0.114551656
collsions=3383435.0
num_channels=1
packets_sent=3817917.0
percentage_collision=0.469833303524116
