channel_usage=0.265499742
collsions=202188.8
num_channels=5
packets_sent=1027997.6
percentage_collision=0.15161949061963323
