channel_usage=0.010191380199999999
collsions=12114.8
num_channels=5
packets_sent=430751.0
percentage_collision=0.026326297097298546
