channel_usage=0.024826465233333334
collsions=2857.0333333333333
num_channels=30
packets_sent=112742.5
percentage_collision=0.02316221252606952
