channel_usage=0.38184856600000006
collsions=227074.0
num_channels=5
packets_sent=1594358.8
percentage_collision=0.11863469508689406
