channel_usage=0.014625687599999998
collsions=20172.4
num_channels=5
packets_sent=681291.8
percentage_collision=0.02839606494123429
