channel_usage=0.9925593
collsions=66582.0
num_channels=1
packets_sent=20335702.0
percentage_collision=0.003263458150077707
