channel_usage=0.0443378642
collsions=212704.8
num_channels=5
packets_sent=1805162.0
percentage_collision=0.09843012314353901
