channel_usage=0.916862802
collsions=722347.0
num_channels=5
packets_sent=10235826.6
percentage_collision=0.0659894497980526
