channel_usage=0.025339052
collsions=71431.4
num_channels=5
packets_sent=1070585.0
percentage_collision=0.060300800616888715
