channel_usage=0.127634999
collsions=424919.2
num_channels=5
packets_sent=5541549.8
percentage_collision=0.05282829302310863
