channel_usage=0.0229818382
collsions=96363.2
num_channels=5
packets_sent=930530.0
percentage_collision=0.08281304346780165
