channel_usage=0.0460524111
collsions=13478.9
num_channels=10
packets_sent=200171.1
percentage_collision=0.06237829729887462
