channel_usage=0.0039277370200000005
collsions=3964.6
num_channels=5
packets_sent=209506.8
percentage_collision=0.011911246687000747
