channel_usage=0.86013514
collsions=48014929.0
num_channels=1
packets_sent=66255861.0
percentage_collision=0.4201854997239452
