channel_usage=0.042683104900000005
collsions=6635.566666666667
num_channels=30
packets_sent=196567.2
percentage_collision=0.028508315468946135
