channel_usage=0.855109
collsions=14028570.0
num_channels=1
packets_sent=46723115.0
percentage_collision=0.2309165581168654
