channel_usage=0.8157062
collsions=43644449.0
num_channels=1
packets_sent=53043692.0
percentage_collision=0.45139402359592373
