channel_usage=0.05136513299999999
collsions=225011.0
num_channels=5
packets_sent=2179523.0
percentage_collision=0.09144745045181457
