channel_usage=0.839306
collsions=43281928.0
num_channels=1
packets_sent=52248976.0
percentage_collision=0.8283784930062553
