channel_usage=0.008044685
collsions=259396.0
num_channels=1
packets_sent=284658.0
percentage_collision=0.9112549094000519
