channel_usage=0.008104661
collsions=261031.0
num_channels=1
packets_sent=284658.0
percentage_collision=0.4783512220330628
