channel_usage=0.7668614140000001
collsions=997338.0
num_channels=5
packets_sent=6411744.6
percentage_collision=0.13444344970042735
