channel_usage=0.9256072
collsions=13962430.0
num_channels=1
packets_sent=52269292.0
percentage_collision=0.21081182216581956
