channel_usage=0.2859965
collsions=6372668.0
num_channels=1
packets_sent=13246701.0
percentage_collision=0.3248151354918703
