channel_usage=0.012399843099999999
collsions=12681.6
num_channels=5
packets_sent=550141.6
percentage_collision=0.022623744371127255
