channel_usage=0.9618819
collsions=929752.0
num_channels=1
packets_sent=379971167.0
percentage_collision=0.002440928739266182
