channel_usage=0.824175672
collsions=226788.2
num_channels=5
packets_sent=15289589.6
percentage_collision=0.01460583104151851
