channel_usage=0.016183363
collsions=522138.0
num_channels=1
packets_sent=570228.0
percentage_collision=0.47798814682990864
