channel_usage=0.015772220500000003
collsions=2413.8
num_channels=10
packets_sent=107136.5
percentage_collision=0.024285559409813307
