channel_usage=0.005362532
collsions=2359.0
num_channels=1
packets_sent=22079.0
percentage_collision=0.09652999427121696
