channel_usage=0.01279420708
collsions=109.8
num_channels=5
packets_sent=574332.0
percentage_collision=7.43225680681006e-05
