channel_usage=0.3402594
collsions=6863952.0
num_channels=1
packets_sent=16761867.0
percentage_collision=0.2905275791709062
