channel_usage=0.243320502
collsions=145505.0
num_channels=5
packets_sent=925080.0
percentage_collision=0.13231218297888275
