channel_usage=0.23143607033333333
collsions=88614.3
num_channels=30
packets_sent=1057638.0666666667
percentage_collision=0.06430986094017338
