channel_usage=0.20720478
collsions=1225148.6
num_channels=5
packets_sent=8638625.4
percentage_collision=0.11278831779739099
