channel_usage=0.6026693
collsions=16302685.0
num_channels=1
packets_sent=22258262.0
percentage_collision=0.42277709102942934
