channel_usage=0.5388722340000001
collsions=3642965.0
num_channels=5
packets_sent=50333053.4
percentage_collision=0.0686276248278579
