channel_usage=0.017349697483333332
collsions=1721.0
num_channels=30
packets_sent=78341.96666666666
percentage_collision=0.014306597477727702
