channel_usage=0.020373758
collsions=441447.0
num_channels=1
packets_sent=962772.0
percentage_collision=0.31437190352786853
