channel_usage=0.0373179518
collsions=28238.6
num_channels=5
packets_sent=1642578.6
percentage_collision=0.017105548353931587
