channel_usage=0.0323597282
collsions=112686.4
num_channels=5
packets_sent=1419460.8
percentage_collision=0.06514801233427596
