channel_usage=0.037471555
collsions=1112957.0
num_channels=1
packets_sent=1226417.0
percentage_collision=0.9074866052900441
