channel_usage=0.1292467792
collsions=719373.2
num_channels=5
packets_sent=5040269.0
percentage_collision=0.11163008435232454
