channel_usage=0.75557977
collsions=13419787.0
num_channels=1
packets_sent=39893944.0
percentage_collision=0.2517135219817949
