channel_usage=0.4691314404999999
collsions=381473.9666666667
num_channels=30
packets_sent=2187455.3
percentage_collision=0.12327069954233362
