channel_usage=0.001989533012
collsions=15.6
num_channels=5
packets_sent=93096.6
percentage_collision=6.701491511444086e-05
