channel_usage=0.3988343960000001
collsions=34151.4
num_channels=5
packets_sent=1607488.4
percentage_collision=0.011435434799933298
