channel_usage=0.012350543559999998
collsions=735.3
num_channels=30
packets_sent=58202.76666666667
percentage_collision=0.009308690015587085
