channel_usage=0.99479955
collsions=313269.0
num_channels=1
packets_sent=12773565.0
percentage_collision=0.023937722446850017
