channel_usage=0.78971404
collsions=40109342.0
num_channels=1
packets_sent=46707746.0
percentage_collision=0.46199824163648523
