channel_usage=0.0001944366033333333
collsions=0.0
num_channels=30
packets_sent=862.6333333333333
percentage_collision=0.0
