channel_usage=0.029163674
collsions=865547.0
num_channels=1
packets_sent=962772.0
percentage_collision=0.47341136858502264
