channel_usage=0.127296773
collsions=55398.5
num_channels=10
packets_sent=529014.6
percentage_collision=0.0883768720493547
