channel_usage=0.8432313
collsions=6905673.0
num_channels=1
packets_sent=217231399.0
percentage_collision=0.030810043775355466
