channel_usage=0.9953803
collsions=364988.0
num_channels=1
packets_sent=9682520.0
percentage_collision=0.036326221387432585
