channel_usage=0.027190092399999997
collsions=135289.6
num_channels=5
packets_sent=1119833.8
percentage_collision=0.10447370683169607
