channel_usage=0.827942294
collsions=96714.3
num_channels=10
packets_sent=18312836.7
percentage_collision=0.005260613881775818
