channel_usage=0.447413
collsions=8824391.0
num_channels=1
packets_sent=22348569.0
percentage_collision=0.2830783794673332
