channel_usage=0.8954591
collsions=19649433.0
num_channels=1
packets_sent=49307069.0
percentage_collision=0.28495402797549096
