channel_usage=0.00269927927
collsions=27.4
num_channels=10
packets_sent=13827.3
percentage_collision=0.0006906827263528886
