channel_usage=0.000236647798
collsions=96.6
num_channels=5
packets_sent=12108.6
percentage_collision=0.006026942569965684
