channel_usage=0.007173402200000001
collsions=155.8
num_channels=5
packets_sent=34311.0
percentage_collision=0.0026398725812463992
