channel_usage=0.013352925800000002
collsions=57511.8
num_channels=5
packets_sent=579849.6
percentage_collision=0.08610265525182689
