channel_usage=0.012032612000000002
collsions=48377.4
num_channels=5
packets_sent=483483.0
percentage_collision=0.08975033724986267
