channel_usage=0.0007627741820000001
collsions=299.4
num_channels=5
packets_sent=32508.0
percentage_collision=0.008575286046268928
