channel_usage=0.078314874
collsions=13150.6
num_channels=5
packets_sent=3456962.0
percentage_collision=0.0015864322440972336
