channel_usage=0.9918917
collsions=1289283.0
num_channels=1
packets_sent=13004967.0
percentage_collision=0.09019591793903142
