channel_usage=0.0009790527133333332
collsions=124.23333333333333
num_channels=30
packets_sent=4864.466666666666
percentage_collision=0.002476741095162148
