channel_usage=0.0012278322460000002
collsions=565.0
num_channels=5
packets_sent=59715.4
percentage_collision=0.009082536285922834
