channel_usage=0.3139031439999999
collsions=246743.4
num_channels=5
packets_sent=1095255.2
percentage_collision=0.17564190486087655
