channel_usage=0.0036430497200000004
collsions=2585.2
num_channels=5
packets_sent=134240.8
percentage_collision=0.021982642584463835
