channel_usage=0.06978873059999999
collsions=24066.6
num_channels=5
packets_sent=294944.6
percentage_collision=0.07247612570147854
