channel_usage=0.08039471
collsions=1733006.0
num_channels=1
packets_sent=3817377.0
percentage_collision=0.312231786527164
