channel_usage=0.9901776
collsions=8958284.0
num_channels=1
packets_sent=64864495.0
percentage_collision=0.1213485068070927
