channel_usage=0.009301914
collsions=423606.0
num_channels=1
packets_sent=729772.0
percentage_collision=0.3672742153916582
