channel_usage=0.008968128
collsions=373719.0
num_channels=1
packets_sent=760202.0
percentage_collision=0.32958116129783294
